3437035907
3437043788
3437062565
3437045394
3437096029
3437043279
3437092980
3437030203
3437099412
3437031013
3437031452
3437099440
3437090785
3437046208
3437046659
3437034472
3437038819
3437067119
3437093006
3437030497
3437038742
3437060431
3437090066
3437068090
3437037603
3437093396
3437093208
3437045436
3437047611
3437034027
3437020834
3437099935
3437066117
3437020038
3437064225
3437035883
3437097024
3437031828
3437063049
3437065251
3437064760
3437065136
3437038196
3437065728
3437043959
3437037845
3437023110
3437038532
3437039406
3437090623
3437024325
3437023150
3437091753
3437069820
3437020707
3437065940
3437067897
3437060847
3437091159
3437092703
3437067876
3437069569
3437024929
3437044238
3437092440
3437093166
3437042908
3437065860
3437095294
3437098652
3437024220
3437044107
3437045162
3437090948
3437067144
3437099035
3437060184
3437062922
3437093194
3437042362
3437042572
3437020092
3437048319
3437031475
3437095611
3437045410
3437069540
3437034730
3437065219
3437068935
3437066255
3437020177
3437030070
3437022151
3437046612
3437042016
3437024037
3437021667
3437038346
3437023923
3437092639
3437061839
3437060672
3437047222
3437030219
3437046285
3437044195
3437044998
3437091300
3437042979
3437023785
3437064795
3437068673
3437036174
3437040624
3437099371
3437099517
3437032386
3437060680
3437033611
3437064003
3437033018
3437094349
3437095615
3437038251
3437022685
3437042307
3437060305
3437020284
3437092780
3437094533
3437021711
3437035121
3437092943
3437043527
3437041522
3437037615
3437069072
3437034177
3437033041
3437041050
3437036659
3437064988
3437092850
3437030105
3437096215
3437034951
3437064237
3437064975
3437093329
3437035346
3437034931
3437043508
3437092336
3437062307
3437060328
3437061749
3437099628
3437036400
3437066037
3437033257
3437064853
3437038356
3437092735
3437039953
3437030557
3437063141
3437065674
3437045991
3437031325
3437042805
3437067131
3437067420
3437099506
3437033251
3437060861
3437044701
3437060630
3437023143
3437035416
3437093699
3437044949
3437035503
3437090358
3437099188
3437036262
3437099569
3437091765
3437024402
3437035674
3437066812
3437066817
3437041209
3437037135
3437048537
3437048766
3437047605
3437021701
3437046492
3437035237
3437065465
3437064897
3437031714
3437063926
3437060140
3437094099
3437066637
3437041638
3437036450
3437067348
3437099987
3437067417
3437046453
3437021477
3437044868
3437099390
3437062041
3437022253
3437064835
3437092439
3437093875
3437096064
3437042826
3437096842
3437069149
3437061946
3437036976
3437066860
3437066963
3437060156
3437030450
3437037352
3437090194
3437068909
3437036074
3437092280
3437064046
3437099535
3437044423
3437060608
3437065025
3437092709
3437034589
3437065970
3437046254
3437043087
3437037576
3437043873
3437045132
3437069847
3437093093
3437022732
3437093648
3437044946
3437024139
3437031280
3437069005
3437067985
3437032781
3437063720
3437043234
3437093568
3437093703
3437042625
3437092675
3437067273
3437061811
3437091052
3437093654
3437099597
3437031977
3437032390
3437033514
3437068674
3437020033
3437046727
3437022711
3437065565
3437095072
3437091265
3437061943
3437032760
3437043623
3437091131
3437032275
3437035175
3437092058
3437039342
3437093809
3437021158
3437065553
3437065726
3437066304
3437092084
3437031236
3437038214
3437098534
3437092345
3437063392
3437043711
3437038298
3437068894
3437068323
3437036091
3437093858
3437068887
3437038461
3437046436
3437030527
3437064810
3437064482
3437043851
3437043146
3437032573
3437090483
3437067004
3437061567
3437023284
3437032315
3437042863
3437043303
3437045726
3437061850
3437035787
3437068772
3437094446
3437064925
3437069793
3437023718
3437038035
3437092648
3437098615
3437035321
3437035915
3437031405
3437067606
3437095328
3437034484
3437060270
3437047119
3437034968
3437033211
3437061587
3437066017
3437037952
3437065382
3437030266
3437092346
3437039339
3437038758
3437032079
3437060760
3437033805
3437047607
3437069745
3437022851
3437096421
3437042994
3437022307
3437021306
3437095558
3437063865
3437063569
3437068181
3437063924
3437043482
3437094449
3437032173
3437066024
3437043464
3437069343
3437066038
3437067997
3437038220
3437069230
3437096615
3437067642
3437046230
3437091562
3437099030
3437064217
3437066965
3437042591
3437092347
3437037717
3437067940
3437022695
3437068833
3437043048
3437092814
3437033719
3437095001
3437060339
3437022095
3437099951
3437091186
3437063067
3437069657
3437036830
3437031884
3437065452
3437098174
3437094051
3437065442
3437024465
3437093575
3437061826
3437047888
3437095096
3437037291
3437092523
3437095428
3437024055
3437096159
3437042158
3437023165
3437035565
3437061146
3437031524
3437092123
3437039871
3437061292
3437045727
3437039874
3437030652
3437037501
3437060622
3437061703
3437044517
3437042388
3437045673
3437024078
3437099633
3437046300
3437099243
3437093820
3437046415
3437038600
3437063581
3437065721
3437098191
3437021984
3437066617
3437066290
3437095307
3437064779
3437045801
3437022869
3437030953
3437030925
3437041598
3437043661
3437067272
3437092725
3437065024
3437032724
3437041222
3437020151
3437041073
3437033009
3437041907
3437067759
3437036491
3437090858
3437032810
3437064338
3437035122
3437030936
3437041271
3437042078
3437024672
3437099970
3437098416
3437093778
3437037201
3437064510
3437064518
3437067583
3437031140
3437036085
3437067052
3437062050
3437040704
3437047120
3437099705
3437067412
3437038090
3437069676
3437096609
3437094899
3437094134
3437091889
3437046023
3437046287
3437096246
3437066279
3437065160
3437043015
3437092826
3437030575
3437033007
3437038716
3437033404
3437039172
3437064189
3437022246
3437096787
3437092450
3437039057
3437022264
3437033925
3437065230
3437064617
3437061215
3437064659
3437065903
3437045357
3437061147
3437039435
3437066824
3437041434
3437067539
3437023709
3437039837
3437090632
3437030777
3437066191
3437066273
3437093074
3437033421
3437062868
3437044008
3437061610
3437024314
3437063942
3437043933
3437035015
3437065355
3437069238
3437030852
3437044264
3437043879
3437060004
3437039635
3437066470
3437098824
3437041465
3437031913
3437064915
3437022700
3437042588
3437099957
3437068321
3437060482
3437063849
3437031915
3437034665
3437033905
3437091240
3437094518
3437031752
3437094192
3437065710
3437041584
3437035844
3437092719
3437066877
3437090805
3437041537
3437047445
3437069685
3437092197
3437060525
3437096121
3437068489
3437063889
3437093020
3437034294
3437061202
3437022169
3437092429
3437068187
3437038723
3437047805
3437092939
3437065549
3437043721
3437042413
3437043421
3437062837
3437090234
3437091967
3437043870
3437034082
3437047883
3437090285
3437065305
3437034617
3437066042
3437040138
3437064137
3437094457
3437035974
3437047960
3437042342
3437033068
3437068263
3437098671
3437033417
3437031219
3437044995
3437034143
3437021467
3437091762
3437066700
3437041024
3437069049
3437093859
3437045681
3437063645
3437031618
3437036109
3437031797
3437032531
3437064528
3437069419
3437031302
3437066258
3437098807
3437038161
3437091787
3437098691
3437037713
3437065487
3437060737
3437069701
3437042420
3437035916
3437024543
3437030481
3437066780
3437042998
3437030892
3437024763
3437093943
3437045454
3437090756
3437032082
3437043853
3437077329
3437077757
3437077367
